Матрица кратчайших путей:
0 32 72 65 55 66 69 57 
32 0 40 33 23 34 37 25 
72 40 0 15 17 6 13 19 
65 33 15 0 10 9 16 12 
55 23 17 10 0 11 14 2 
66 34 6 9 11 0 7 13 
69 37 13 16 14 7 0 12 
57 25 19 12 2 13 12 0 

Кратчайший путь от вершины 0 до 7:
0 1 4 7 