Матрица кратчайших расстояний:
0 15 53 43 25 21 46 41 32 
15 0 38 28 10 6 31 26 17 
53 38 0 14 28 44 17 12 21 
43 28 14 0 18 34 7 2 11 
25 10 28 18 0 16 21 16 7 
21 6 44 34 16 0 37 32 23 
46 31 17 7 21 37 0 5 14 
41 26 12 2 16 32 5 0 9 
32 17 21 11 7 23 14 9 0 

Кратчайший путь от вершины 0 до 8:
0 1 4 8 