Матрица кратчайших расстояний:
0 7 7 19 3 12 17 4 25 
7 0 2 14 5 9 12 5 20 
7 2 0 12 7 7 10 3 18 
19 14 12 0 19 19 22 15 15 
3 5 7 19 0 9 15 7 23 
12 9 7 19 9 0 6 10 14 
17 12 10 22 15 6 0 13 8 
4 5 3 15 7 10 13 0 21 
25 20 18 15 23 14 8 21 0 

Кратчайший путь от вершины 0 до 8:
0 7 2 6 8 