Матрица кратчайших расстояний:
0 7 10 8 4 10 21 19 14 20 
7 0 3 12 11 17 14 22 21 26 
10 3 0 9 14 20 11 19 24 23 
8 12 9 0 12 12 20 21 22 25 
4 11 14 12 0 6 23 15 10 16 
10 17 20 12 6 0 17 9 16 13 
21 14 11 20 23 17 0 8 15 12 
19 22 19 21 15 9 8 0 7 4 
14 21 24 22 10 16 15 7 0 6 
20 26 23 25 16 13 12 4 6 0 

Кратчайший путь от вершины 0 до 9:
0 4 8 9 