Матрица кратчайших расстояний:
0 11 1 2 3 4 5 6 7 20 
11 0 10 13 14 15 16 17 8 21 
1 10 0 3 4 5 6 7 8 21 
2 13 3 0 5 6 7 8 9 22 
3 14 4 5 0 7 8 9 10 23 
4 15 5 6 7 0 9 10 11 24 
5 16 6 7 8 9 0 11 12 25 
6 17 7 8 9 10 11 0 11 24 
7 8 8 9 10 11 12 11 0 13 
20 21 21 22 23 24 25 24 13 0 

Кратчайший путь от вершины 0 до 9:
0 8 9 