Матрица кратчайших расстояний:
0 13 2 10 22 19 6 11 15 
13 0 11 22 10 6 15 20 15 
2 11 0 11 20 17 4 9 13 
10 22 11 0 18 20 7 2 11 
22 10 20 18 0 16 16 16 7 
19 6 17 20 16 0 18 18 9 
6 15 4 7 16 18 0 5 9 
11 20 9 2 16 18 5 0 9 
15 15 13 11 7 9 9 9 0 

Кратчайший путь от вершины 0 до 8:
0 2 6 8 